# #x (nm)	nsld
-3.000000000000000000e+01 2.172330733761373978e+00
-2.987999999999999901e+01 2.256383512792745627e+00
-2.976000000000000156e+01 2.339291221285755284e+00
-2.964000000000000057e+01 2.420848458098870282e+00
-2.951999999999999957e+01 2.500851258287115186e+00
-2.939999999999999858e+01 2.579097782637172820e+00
-2.928000000000000114e+01 2.655389003530984393e+00
-2.916000000000000014e+01 2.729529384475054776e+00
-2.903999999999999915e+01 2.801327550648514020e+00
-2.892000000000000171e+01 2.870596947850332814e+00
-2.880000000000000071e+01 2.937156487264129368e+00
-2.867999999999999972e+01 3.000831173508212046e+00
-2.855999999999999872e+01 3.061452713498415079e+00
-2.844000000000000128e+01 3.118860103721568855e+00
-2.832000000000000028e+01 3.172900193598114704e+00
-2.819999999999999929e+01 3.223428222702801271e+00
-2.807999999999999829e+01 3.270308329712412920e+00
-2.796000000000000085e+01 3.313414031058558695e+00
-2.783999999999999986e+01 3.352628667381318373e+00
-2.771999999999999886e+01 3.387845816005351729e+00
-2.760000000000000142e+01 3.418969667793644529e+00
-2.748000000000000043e+01 3.445915366874571895e+00
-2.735999999999999943e+01 3.468609311884941260e+00
-2.724000000000000199e+01 3.486989417524548163e+00
-2.712000000000000099e+01 3.501005335375704686e+00
-2.700000000000000000e+01 3.510618633103727682e+00
-2.687999999999999901e+01 3.515802931320663571e+00
-2.676000000000000156e+01 3.516543997563859492e+00
-2.664000000000000057e+01 3.512839797012750509e+00
-2.651999999999999957e+01 3.504700499740582842e+00
-2.639999999999999858e+01 3.492148444471979918e+00
-2.628000000000000114e+01 3.475218058991652814e+00
-2.616000000000000014e+01 3.453955737523235481e+00
-2.603999999999999915e+01 3.428419675569611247e+00
-2.592000000000000171e+01 3.398679662876310736e+00
-2.580000000000000071e+01 3.364816835346957635e+00
-2.567999999999999972e+01 3.326923386903596569e+00
-2.556000000000000227e+01 3.285102242444248422e+00
-2.544000000000000128e+01 3.239466693204713366e+00
-2.532000000000000028e+01 3.190139995980624921e+00
-2.519999999999999929e+01 3.137254937808488187e+00
-2.507999999999999829e+01 3.080953367840426615e+00
-2.496000000000000085e+01 3.021385698275728782e+00
-2.483999999999999986e+01 2.958710376332894132e+00
-2.471999999999999886e+01 2.893093329357858234e+00
-2.460000000000000142e+01 2.824707385267118731e+00
-2.448000000000000043e+01 2.753731670618220662e+00
-2.435999999999999943e+01 2.680350988684007785e+00
-2.424000000000000199e+01 2.604755179980749347e+00
-2.412000000000000099e+01 2.527138467763771601e+00
-2.400000000000000000e+01 2.447698791056936329e+00
-2.387999999999999901e+01 2.366637127824086306e+00
-2.375999999999999801e+01 2.284156810921575076e+00
-2.364000000000000057e+01 2.200462839490591183e+00
-2.351999999999999957e+01 2.115761188456587671e+00
-2.339999999999999858e+01 2.030258118800464917e+00
-2.328000000000000114e+01 1.944159491252252403e+00
-2.316000000000000014e+01 1.857670086033265999e+00
-2.303999999999999915e+01 1.770992931236864854e+00
-2.292000000000000171e+01 1.684328642391318409e+00
-2.280000000000000071e+01 1.597874775691388916e+00
-2.267999999999999972e+01 1.511825197317883340e+00
-2.256000000000000227e+01 1.426369471187235227e+00
-2.244000000000000128e+01 1.341692267386611181e+00
-2.232000000000000028e+01 1.257972793454156690e+00
-2.219999999999999929e+01 1.175384250559492694e+00
-2.207999999999999829e+01 1.094093316527036341e+00
-2.196000000000000085e+01 1.014259657524291480e+00
-2.183999999999999986e+01 9.360354701099005137e-01
-2.171999999999999886e+01 8.595650552023230695e-01
-2.160000000000000142e+01 7.849844253900188917e-01
-2.148000000000000043e+01 7.124209468590471106e-01
-2.135999999999999943e+01 6.419930170641117151e-01
-2.124000000000000199e+01 5.738097791153412564e-01
-2.112000000000000099e+01 5.079708736962269544e-01
-2.100000000000000000e+01 4.445662291684400191e-01
-2.088000000000000256e+01 3.836758903579931546e-01
-2.075999999999999801e+01 3.253698863545283482e-01
-2.064000000000000057e+01 2.697081374926918462e-01
-2.051999999999999957e+01 2.167404015216973789e-01
-2.039999999999999858e+01 1.665062588077386441e-01
-2.028000000000000114e+01 1.190351362537075131e-01
-2.016000000000000014e+01 7.434636946328111728e-02
-2.003999999999999915e+01 3.244930252188104464e-02
-1.992000000000000171e+01 -6.656575383764107810e-03
-1.980000000000000071e+01 -4.298145743203796165e-02
-1.967999999999999972e+01 -7.654501178482152335e-02
-1.956000000000000227e+01 -1.073761405596246749e-01
-1.944000000000000128e+01 -1.355127064868367481e-01
-1.932000000000000028e+01 -1.610012287063987413e-01
-1.920000000000000284e+01 -1.838965492739700613e-01
-1.907999999999999829e+01 -2.042614720547037133e-01
-1.896000000000000085e+01 -2.221663757827354591e-01
-1.883999999999999986e+01 -2.376888031560439596e-01
-1.871999999999999886e+01 -2.509130279189499269e-01
-1.860000000000000142e+01 -2.619296019581398571e-01
-1.848000000000000043e+01 -2.708348845021932294e-01
-1.835999999999999943e+01 -2.777305555691431671e-01
-1.824000000000000199e+01 -2.827231158513210385e-01
-1.812000000000000099e+01 -2.859233752615392143e-01
-1.800000000000000000e+01 -2.874459323894660856e-01
-1.788000000000000256e+01 -2.874086471317786051e-01
-1.775999999999999801e+01 -2.859321087644211001e-01
-1.764000000000000057e+01 -2.831391017199813009e-01
-1.751999999999999957e+01 -2.791540713180811206e-01
-1.739999999999999858e+01 -2.741025916717483857e-01
-1.728000000000000114e+01 -2.681108379583184709e-01
-1.716000000000000014e+01 -2.613050651996112750e-01
-1.703999999999999915e+01 -2.538110956433528020e-01
-1.692000000000000171e+01 -2.457538167762216841e-01
-1.680000000000000071e+01 -2.372566919289737508e-01
-1.667999999999999972e+01 -2.284412853561609003e-01
-1.656000000000000227e+01 -2.194268035874249734e-01
-1.644000000000000128e+01 -2.103296547546955608e-01
-1.632000000000000028e+01 -2.012630275003367275e-01
-1.620000000000000284e+01 -1.923364909658330235e-01
-1.607999999999999829e+01 -1.836556172495760197e-01
-1.596000000000000085e+01 -1.753216276062360690e-01
-1.583999999999999986e+01 -1.674310635396248081e-01
-1.572000000000000064e+01 -1.600754838165588945e-01
-1.560000000000000142e+01 -1.533411883014876020e-01
-1.548000000000000043e+01 -1.473089693813281198e-01
-1.536000000000000121e+01 -1.420538916175283495e-01
-1.524000000000000021e+01 -1.376451001286050912e-01
-1.512000000000000099e+01 -1.341456580718354830e-01
-1.500000000000000000e+01 -1.316124134580733684e-01
-1.488000000000000078e+01 -1.300958953994421907e-01
-1.475999999999999979e+01 -1.296402397565372677e-01
-1.464000000000000057e+01 -1.302831440203650881e-01
-1.452000000000000135e+01 -1.320558511351315467e-01
-1.440000000000000036e+01 -1.349831618417906276e-01
-1.428000000000000114e+01 -1.390834749994592223e-01
-1.416000000000000014e+01 -1.443688552230586175e-01
-1.404000000000000092e+01 -1.508451270611996797e-01
-1.392000000000000171e+01 -1.585119948290847902e-01
-1.380000000000000071e+01 -1.673631871073211486e-01
-1.367999999999999972e+01 -1.773866248196216688e-01
-1.356000000000000227e+01 -1.885646117106667685e-01
-1.344000000000000128e+01 -2.008740459604493878e-01
-1.332000000000000028e+01 -2.142866515933703475e-01
-1.319999999999999929e+01 -2.287692282696469626e-01
-1.308000000000000185e+01 -2.442839179834262187e-01
-1.296000000000000085e+01 -2.607884871365651613e-01
-1.283999999999999986e+01 -2.782366224095911278e-01
-1.271999999999999886e+01 -2.965782388119841406e-01
-1.260000000000000142e+01 -3.157597982627225464e-01
-1.248000000000000043e+01 -3.357246370291254167e-01
-1.235999999999999943e+01 -3.564133003373207709e-01
-1.224000000000000199e+01 -3.777638824613037127e-01
-1.212000000000000099e+01 -3.997123705992686737e-01
-1.200000000000000000e+01 -4.221929908558041955e-01
-1.187999999999999901e+01 -4.451385546663011450e-01
-1.176000000000000156e+01 -4.684808040255569739e-01
-1.164000000000000057e+01 -4.921507539156598776e-01
-1.151999999999999957e+01 -5.160790303687071701e-01
-1.140000000000000213e+01 -5.401962026473999812e-01
-1.128000000000000114e+01 -5.644331080807464263e-01
-1.116000000000000014e+01 -5.887211681526998142e-01
-1.103999999999999915e+01 -6.129926945080999001e-01
-1.092000000000000171e+01 -6.371811836125111927e-01
-1.080000000000000071e+01 -6.612215988798674227e-01
-1.067999999999999972e+01 -6.850506391639568093e-01
-1.056000000000000227e+01 -7.086069925961280269e-01
-1.044000000000000128e+01 -7.318315748417749678e-01
-1.032000000000000028e+01 -7.546677509416124252e-01
-1.019999999999999929e+01 -7.770615399999707407e-01
-1.008000000000000185e+01 -7.989618020809137189e-01
-9.960000000000000853e+00 -8.203204067732041693e-01
-9.839999999999999858e+00 -8.410923829866575607e-01
-9.720000000000002416e+00 -8.612360496446291869e-01
-9.600000000000001421e+00 -8.807131270397314804e-01
-9.480000000000000426e+00 -8.994888287218840706e-01
-9.359999999999999432e+00 -9.175319338889849075e-01
-9.240000000000001990e+00 -9.348148403502188897e-01
-9.120000000000000995e+00 -9.513135982299757432e-01
-9.000000000000000000e+00 -9.670079246758821467e-01
-8.880000000000002558e+00 -9.818811999272416546e-01
-8.760000000000001563e+00 -9.959204451896525034e-01
-8.640000000000000568e+00 -1.009116282847413393e+00
-8.519999999999999574e+00 -1.021462879627095699e+00
-8.400000000000002132e+00 -1.032957873402921001e+00
-8.280000000000001137e+00 -1.043602284407132874e+00
-8.160000000000000142e+00 -1.053400411675866843e+00
-8.039999999999999147e+00 -1.062359715623047984e+00
-7.920000000000001705e+00 -1.070490687691082021e+00
-7.800000000000000711e+00 -1.077806708077526654e+00
-7.679999999999999716e+00 -1.084323892581206650e+00
-7.560000000000002274e+00 -1.090060929649263821e+00
-7.440000000000001279e+00 -1.095038908738297678e+00
-7.320000000000000284e+00 -1.099281141127896877e+00
-7.199999999999999289e+00 -1.102812974343515551e+00
-7.080000000000001847e+00 -1.105661601357716295e+00
-6.960000000000000853e+00 -1.107855865744331370e+00
-6.839999999999999858e+00 -1.109426063959133124e+00
-6.720000000000002416e+00 -1.110403745913220330e+00
-6.600000000000001421e+00 -1.110821514991650272e+00
-6.480000000000000426e+00 -1.110712828649997874e+00
-6.359999999999999432e+00 -1.110111800695730011e+00
-6.240000000000001990e+00 -1.109053006329695057e+00
-6.120000000000000995e+00 -1.107571290985934098e+00
-6.000000000000000000e+00 -1.105701583965656321e+00
-5.880000000000002558e+00 -1.103478717813901167e+00
-5.760000000000001563e+00 -1.100937254335418336e+00
-5.640000000000000568e+00 -1.098111318090028155e+00
-5.519999999999999574e+00 -1.095034438147471700e+00
-5.400000000000002132e+00 -1.091739398817954454e+00
-5.280000000000001137e+00 -1.088258100007606366e+00
-5.160000000000000142e+00 -1.084621427778320379e+00
-5.039999999999999147e+00 -1.080859135619318234e+00
-4.920000000000001705e+00 -1.076999736863810009e+00
-4.800000000000000711e+00 -1.073070408608572279e+00
-4.679999999999999716e+00 -1.069096907417769637e+00
-4.560000000000002274e+00 -1.065103497015202239e+00
-4.440000000000001279e+00 -1.061112888091908069e+00
-4.320000000000000284e+00 -1.057146190279053322e+00
-4.199999999999999289e+00 -1.053222876259824137e+00
-4.080000000000001847e+00 -1.049360757918943010e+00
-3.960000000000000853e+00 -1.045575974354942428e+00
-3.839999999999999858e+00 -1.041882991508845224e+00
-3.720000000000002416e+00 -1.038294613093764696e+00
-3.600000000000001421e+00 -1.034822002443627209e+00
-3.480000000000000426e+00 -1.031474714835991957e+00
-3.359999999999999432e+00 -1.028260739784206290e+00
-3.240000000000001990e+00 -1.025186552738196699e+00
-3.120000000000000995e+00 -1.022257175581319011e+00
-3.000000000000000000e+00 -1.019476245263210457e+00
-2.880000000000002558e+00 -1.016846089865677483e+00
-2.760000000000001563e+00 -1.014367811360580962e+00
-2.640000000000000568e+00 -1.012041374285624906e+00
-2.519999999999999574e+00 -1.009865699536067085e+00
-2.400000000000002132e+00 -1.007838762447776482e+00
-2.280000000000001137e+00 -1.005957694329883800e+00
-2.160000000000000142e+00 -1.004218886593555071e+00
-2.040000000000002700e+00 -1.002618096617202248e+00
-1.920000000000001705e+00 -1.001150554487743483e+00
-1.800000000000000711e+00 -9.998110697623073806e-01
-1.679999999999999716e+00 -9.985941374049767116e-01
-1.560000000000002274e+00 -9.974940420687007370e-01
-1.440000000000001279e+00 -9.965049599132578262e-01
-1.320000000000000284e+00 -9.956210571759696037e-01
-1.200000000000002842e+00 -9.948365847425590935e-01
-1.080000000000001847e+00 -9.941459680009412381e-01
-9.600000000000008527e-01 -9.935438913005534278e-01
-8.399999999999998579e-01 -9.930253763838646774e-01
-7.200000000000024158e-01 -9.925858542046326338e-01
-6.000000000000014211e-01 -9.922212295990159303e-01
-4.800000000000004263e-01 -9.919279383304818731e-01
-3.599999999999994316e-01 -9.917029960872099092e-01
-2.400000000000019895e-01 -9.915440390710471563e-01
-1.200000000000009948e-01 -9.914493558796412254e-01
0.000000000000000000e+00 -9.914179104477609528e-01
1.199999999999974420e-01 -9.914493558796412254e-01
2.399999999999984368e-01 -9.915440390710470453e-01
3.599999999999994316e-01 -9.917029960872099092e-01
4.800000000000004263e-01 -9.919279383304818731e-01
5.999999999999978684e-01 -9.922212295990161524e-01
7.199999999999988631e-01 -9.925858542046329669e-01
8.399999999999998579e-01 -9.930253763838646774e-01
9.599999999999972999e-01 -9.935438913005536499e-01
1.079999999999998295e+00 -9.941459680009412381e-01
1.199999999999999289e+00 -9.948365847425588715e-01
1.320000000000000284e+00 -9.956210571759696037e-01
1.439999999999997726e+00 -9.965049599132580482e-01
1.559999999999998721e+00 -9.974940420687010700e-01
1.679999999999999716e+00 -9.985941374049767116e-01
1.799999999999997158e+00 -9.998110697623072696e-01
1.919999999999998153e+00 -1.001150554487743261e+00
2.039999999999999147e+00 -1.002618096617202248e+00
2.159999999999996589e+00 -1.004218886593555071e+00
2.280000000000001137e+00 -1.005957694329883800e+00
2.399999999999998579e+00 -1.007838762447776482e+00
2.519999999999996021e+00 -1.009865699536067085e+00
2.640000000000000568e+00 -1.012041374285624906e+00
2.759999999999998010e+00 -1.014367811360580962e+00
2.879999999999995453e+00 -1.016846089865677261e+00
3.000000000000000000e+00 -1.019476245263210457e+00
3.119999999999997442e+00 -1.022257175581318789e+00
3.240000000000001990e+00 -1.025186552738196699e+00
3.359999999999999432e+00 -1.028260739784206290e+00
3.479999999999996874e+00 -1.031474714835991513e+00
3.600000000000001421e+00 -1.034822002443627209e+00
3.719999999999998863e+00 -1.038294613093764696e+00
3.839999999999996305e+00 -1.041882991508845224e+00
3.960000000000000853e+00 -1.045575974354942428e+00
4.079999999999998295e+00 -1.049360757918942344e+00
4.199999999999995737e+00 -1.053222876259823693e+00
4.320000000000000284e+00 -1.057146190279053322e+00
4.439999999999997726e+00 -1.061112888091907402e+00
4.560000000000002274e+00 -1.065103497015202239e+00
4.679999999999999716e+00 -1.069096907417769637e+00
4.799999999999997158e+00 -1.073070408608572279e+00
4.920000000000001705e+00 -1.076999736863810009e+00
5.039999999999999147e+00 -1.080859135619318234e+00
5.159999999999996589e+00 -1.084621427778320379e+00
5.280000000000001137e+00 -1.088258100007606366e+00
5.399999999999998579e+00 -1.091739398817954232e+00
5.519999999999996021e+00 -1.095034438147471256e+00
5.640000000000000568e+00 -1.098111318090028155e+00
5.759999999999998010e+00 -1.100937254335418336e+00
5.879999999999995453e+00 -1.103478717813901167e+00
6.000000000000000000e+00 -1.105701583965656321e+00
6.119999999999997442e+00 -1.107571290985933876e+00
6.240000000000001990e+00 -1.109053006329695057e+00
6.359999999999999432e+00 -1.110111800695730011e+00
6.479999999999996874e+00 -1.110712828649997874e+00
6.600000000000001421e+00 -1.110821514991650272e+00
6.719999999999998863e+00 -1.110403745913220552e+00
6.839999999999996305e+00 -1.109426063959133124e+00
6.960000000000000853e+00 -1.107855865744331370e+00
7.079999999999998295e+00 -1.105661601357716517e+00
7.199999999999995737e+00 -1.102812974343515551e+00
7.320000000000000284e+00 -1.099281141127896877e+00
7.439999999999997726e+00 -1.095038908738298122e+00
7.559999999999995168e+00 -1.090060929649264043e+00
7.679999999999999716e+00 -1.084323892581206650e+00
7.799999999999997158e+00 -1.077806708077527098e+00
7.920000000000001705e+00 -1.070490687691082021e+00
8.039999999999999147e+00 -1.062359715623047984e+00
8.159999999999996589e+00 -1.053400411675867288e+00
8.280000000000001137e+00 -1.043602284407132874e+00
8.399999999999998579e+00 -1.032957873402921445e+00
8.519999999999996021e+00 -1.021462879627095699e+00
8.640000000000000568e+00 -1.009116282847413393e+00
8.759999999999998010e+00 -9.959204451896530585e-01
8.879999999999995453e+00 -9.818811999272429869e-01
9.000000000000000000e+00 -9.670079246758821467e-01
9.119999999999997442e+00 -9.513135982299759652e-01
9.240000000000001990e+00 -9.348148403502188897e-01
9.359999999999999432e+00 -9.175319338889849075e-01
9.479999999999996874e+00 -8.994888287218847367e-01
9.600000000000001421e+00 -8.807131270397314804e-01
9.719999999999998863e+00 -8.612360496446297420e-01
9.839999999999996305e+00 -8.410923829866581158e-01
9.960000000000000853e+00 -8.203204067732041693e-01
1.007999999999999829e+01 -7.989618020809141630e-01
1.019999999999999574e+01 -7.770615399999707407e-01
1.032000000000000028e+01 -7.546677509416124252e-01
1.043999999999999773e+01 -7.318315748417763000e-01
1.055999999999999517e+01 -7.086069925961289151e-01
1.067999999999999972e+01 -6.850506391639568093e-01
1.079999999999999716e+01 -6.612215988798684219e-01
1.092000000000000171e+01 -6.371811836125111927e-01
1.103999999999999915e+01 -6.129926945080999001e-01
1.115999999999999659e+01 -5.887211681527012574e-01
1.128000000000000114e+01 -5.644331080807464263e-01
1.139999999999999858e+01 -5.401962026473999812e-01
1.151999999999999602e+01 -5.160790303687080582e-01
1.164000000000000057e+01 -4.921507539156598776e-01
1.175999999999999801e+01 -4.684808040255569739e-01
1.187999999999999545e+01 -4.451385546663014781e-01
1.200000000000000000e+01 -4.221929908558041955e-01
1.211999999999999744e+01 -3.997123705992694509e-01
1.223999999999999488e+01 -3.777638824613044899e-01
1.235999999999999943e+01 -3.564133003373207709e-01
1.247999999999999687e+01 -3.357246370291263604e-01
1.260000000000000142e+01 -3.157597982627225464e-01
1.271999999999999886e+01 -2.965782388119841406e-01
1.283999999999999631e+01 -2.782366224095915164e-01
1.296000000000000085e+01 -2.607884871365651613e-01
1.307999999999999829e+01 -2.442839179834268848e-01
1.319999999999999574e+01 -2.287692282696477120e-01
1.332000000000000028e+01 -2.142866515933703475e-01
1.343999999999999773e+01 -2.008740459604498874e-01
1.355999999999999517e+01 -1.885646117106670461e-01
1.367999999999999972e+01 -1.773866248196216688e-01
1.379999999999999716e+01 -1.673631871073218702e-01
1.392000000000000171e+01 -1.585119948290847902e-01
1.403999999999999915e+01 -1.508451270612002626e-01
1.415999999999999659e+01 -1.443688552230588118e-01
1.428000000000000114e+01 -1.390834749994592223e-01
1.439999999999999858e+01 -1.349831618417909052e-01
1.451999999999999602e+01 -1.320558511351321018e-01
1.464000000000000057e+01 -1.302831440203650881e-01
1.475999999999999801e+01 -1.296402397565372955e-01
1.487999999999999545e+01 -1.300958953994416634e-01
1.500000000000000000e+01 -1.316124134580733684e-01
1.511999999999999744e+01 -1.341456580718353164e-01
1.523999999999999488e+01 -1.376451001286045639e-01
1.535999999999999943e+01 -1.420538916175286825e-01
1.547999999999999687e+01 -1.473089693813283141e-01
1.560000000000000142e+01 -1.533411883014876020e-01
1.571999999999999886e+01 -1.600754838165583671e-01
1.583999999999999631e+01 -1.674310635396245861e-01
1.596000000000000085e+01 -1.753216276062360690e-01
1.607999999999999829e+01 -1.836556172495760197e-01
1.619999999999999574e+01 -1.923364909658321631e-01
1.632000000000000028e+01 -2.012630275003367275e-01
1.643999999999999773e+01 -2.103296547546954498e-01
1.655999999999999517e+01 -2.194268035874245848e-01
1.667999999999999972e+01 -2.284412853561609003e-01
1.679999999999999716e+01 -2.372566919289732512e-01
1.692000000000000171e+01 -2.457538167762216841e-01
1.703999999999999915e+01 -2.538110956433528020e-01
1.715999999999999659e+01 -2.613050651996109419e-01
1.728000000000000114e+01 -2.681108379583184709e-01
1.739999999999999858e+01 -2.741025916717483857e-01
1.751999999999999602e+01 -2.791540713180807320e-01
1.764000000000000057e+01 -2.831391017199813009e-01
1.775999999999999801e+01 -2.859321087644211001e-01
1.787999999999999545e+01 -2.874086471317787717e-01
1.800000000000000000e+01 -2.874459323894660856e-01
1.811999999999999744e+01 -2.859233752615398805e-01
1.823999999999999488e+01 -2.827231158513210385e-01
1.835999999999999943e+01 -2.777305555691431671e-01
1.847999999999999687e+01 -2.708348845021935625e-01
1.860000000000000142e+01 -2.619296019581398571e-01
1.871999999999999886e+01 -2.509130279189499269e-01
1.883999999999999631e+01 -2.376888031560444037e-01
1.896000000000000085e+01 -2.221663757827354591e-01
1.907999999999999829e+01 -2.042614720547037133e-01
1.919999999999999574e+01 -1.838965492739716434e-01
1.932000000000000028e+01 -1.610012287063987413e-01
1.943999999999999773e+01 -1.355127064868372755e-01
1.955999999999999517e+01 -1.073761405596267843e-01
1.967999999999999972e+01 -7.654501178482152335e-02
1.979999999999999716e+01 -4.298145743203953678e-02
1.992000000000000171e+01 -6.656575383764107810e-03
2.003999999999999915e+01 3.244930252188104464e-02
2.015999999999999659e+01 7.434636946328106177e-02
2.028000000000000114e+01 1.190351362537075131e-01
2.039999999999999858e+01 1.665062588077386441e-01
2.051999999999999602e+01 2.167404015216956581e-01
2.064000000000000057e+01 2.697081374926918462e-01
2.075999999999999801e+01 3.253698863545283482e-01
2.087999999999999545e+01 3.836758903579881586e-01
2.100000000000000000e+01 4.445662291684400191e-01
2.111999999999999744e+01 5.079708736962247340e-01
2.123999999999999488e+01 5.738097791153384808e-01
2.135999999999999943e+01 6.419930170641117151e-01
2.147999999999999687e+01 7.124209468590456673e-01
2.160000000000000142e+01 7.849844253900188917e-01
2.171999999999999886e+01 8.595650552023230695e-01
2.183999999999999631e+01 9.360354701098985153e-01
2.196000000000000085e+01 1.014259657524291480e+00
2.207999999999999829e+01 1.094093316527036341e+00
2.219999999999999574e+01 1.175384250559490473e+00
2.232000000000000028e+01 1.257972793454156690e+00
2.243999999999999773e+01 1.341692267386608739e+00
2.255999999999999517e+01 1.426369471187228344e+00
2.267999999999999972e+01 1.511825197317883340e+00
2.279999999999999716e+01 1.597874775691386917e+00
2.291999999999999460e+01 1.684328642391311082e+00
2.303999999999999915e+01 1.770992931236864854e+00
2.315999999999999659e+01 1.857670086033264667e+00
2.328000000000000114e+01 1.944159491252252403e+00
2.339999999999999858e+01 2.030258118800464917e+00
2.351999999999999602e+01 2.115761188456586339e+00
2.364000000000000057e+01 2.200462839490591183e+00
2.375999999999999801e+01 2.284156810921575076e+00
2.387999999999999545e+01 2.366637127824084974e+00
2.400000000000000000e+01 2.447698791056936329e+00
2.411999999999999744e+01 2.527138467763768936e+00
2.423999999999999488e+01 2.604755179980742685e+00
2.435999999999999943e+01 2.680350988684007785e+00
2.447999999999999687e+01 2.753731670618218885e+00
2.460000000000000142e+01 2.824707385267118731e+00
2.471999999999999886e+01 2.893093329357858234e+00
2.483999999999999631e+01 2.958710376332892356e+00
2.496000000000000085e+01 3.021385698275728782e+00
2.507999999999999829e+01 3.080953367840426615e+00
2.519999999999999574e+01 3.137254937808487298e+00
2.532000000000000028e+01 3.190139995980624921e+00
2.543999999999999773e+01 3.239466693204712033e+00
2.555999999999999517e+01 3.285102242444245757e+00
2.567999999999999972e+01 3.326923386903596569e+00
2.579999999999999716e+01 3.364816835346956747e+00
2.591999999999999460e+01 3.398679662876307628e+00
2.603999999999999915e+01 3.428419675569611247e+00
2.615999999999999659e+01 3.453955737523233704e+00
2.628000000000000114e+01 3.475218058991652814e+00
2.639999999999999858e+01 3.492148444471979918e+00
2.651999999999999602e+01 3.504700499740581954e+00
2.664000000000000057e+01 3.512839797012750509e+00
2.675999999999999801e+01 3.516543997563859492e+00
2.687999999999999545e+01 3.515802931320663571e+00
2.700000000000000000e+01 3.510618633103727682e+00
2.711999999999999744e+01 3.501005335375705130e+00
2.723999999999999488e+01 3.486989417524549939e+00
2.735999999999999943e+01 3.468609311884941260e+00
2.747999999999999687e+01 3.445915366874572339e+00
2.759999999999999432e+01 3.418969667793646749e+00
2.771999999999999886e+01 3.387845816005351729e+00
2.783999999999999631e+01 3.352628667381321037e+00
2.796000000000000085e+01 3.313414031058558695e+00
2.807999999999999829e+01 3.270308329712412920e+00
2.819999999999999574e+01 3.223428222702804824e+00
2.832000000000000028e+01 3.172900193598114704e+00
2.843999999999999773e+01 3.118860103721568855e+00
2.855999999999999517e+01 3.061452713498415967e+00
2.867999999999999972e+01 3.000831173508212046e+00
2.879999999999999716e+01 2.937156487264131144e+00
2.891999999999999460e+01 2.870596947850338587e+00
2.903999999999999915e+01 2.801327550648514020e+00
2.915999999999999659e+01 2.729529384475057885e+00
2.928000000000000114e+01 2.655389003530984393e+00
2.939999999999999858e+01 2.579097782637172820e+00
2.951999999999999602e+01 2.500851258287119627e+00
2.964000000000000057e+01 2.420848458098870282e+00
2.975999999999999801e+01 2.339291221285756617e+00
2.987999999999999545e+01 2.256383512792750956e+00
3.000000000000000000e+01 2.172330733761373978e+00
