-4.166660690307617188e+01 -5.464347919314035407e-01
-4.124784469604492188e+01 -5.720562868550980173e-01
-4.082908630371093750e+01 -5.640000079711305903e-01
-4.041032791137695312e+01 -5.693909099255174411e-01
-3.999156951904296875e+01 -5.483640987259168487e-01
-3.957280731201171875e+01 -5.682773413140446150e-01
-3.915404891967773438e+01 -5.415565079217750100e-01
-3.873529052734375000e+01 -5.638785090532600908e-01
-3.831652832031250000e+01 -5.585929293738596257e-01
-3.789776611328125000e+01 -5.554659716603610464e-01
-3.747901153564453125e+01 -5.642974237817691696e-01
-3.706024932861328125e+01 -5.375151553526159587e-01
-3.664148712158203125e+01 -5.760590766529850582e-01
-3.622272872924804688e+01 -5.660197835725810922e-01
-3.580397033691406250e+01 -5.673217348113788194e-01
-3.538520812988281250e+01 -5.418482932134861541e-01
-3.496644973754882812e+01 -5.830046405455797665e-01
-3.454768753051757812e+01 -5.609424721739600939e-01
-3.412892913818359375e+01 -5.558925270920236361e-01
-3.371017074584960938e+01 -5.714609131234176242e-01
-3.329141235351562500e+01 -5.508507869455933070e-01
-3.287265014648437500e+01 -6.102307491233317505e-01
-3.245388793945312500e+01 -5.698987436886787661e-01
-3.203513336181640625e+01 -5.503790667702044281e-01
-3.161636734008789062e+01 -5.630107382479269118e-01
-3.119760894775390625e+01 -5.727851346124545051e-01
-3.077885055541992188e+01 -5.604788190947191939e-01
-3.036009025573730469e+01 -5.775799068388384194e-01
-2.994132995605468750e+01 -5.047014483663836426e-01
-2.952257156372070312e+01 -4.775138420245925164e-01
-2.910381126403808594e+01 -4.185018325306393283e-01
-2.868505096435546875e+01 -3.025648675379051245e-01
-2.826629257202148438e+01 -1.242029199985443949e-01
-2.784753417968750000e+01 7.716672025317347638e-02
-2.742877006530761719e+01 3.154573818234405747e-01
-2.701001167297363281e+01 6.540612863499387641e-01
-2.659125328063964844e+01 9.939793998298797062e-01
-2.617248916625976562e+01 1.351585925850474990e+00
-2.575373077392578125e+01 1.689030177577452996e+00
-2.533497238159179688e+01 2.002533664216922915e+00
-2.491621208190917969e+01 2.175180183554409119e+00
-2.449745178222656250e+01 2.342109817475630074e+00
-2.407869338989257812e+01 2.391110581886678688e+00
-2.365993309020996094e+01 2.352069602581441821e+00
-2.324117279052734375e+01 2.280015860269136052e+00
-2.282241439819335938e+01 2.174065892197039052e+00
-2.240365219116210938e+01 2.067909624067157726e+00
-2.198489189147949219e+01 1.938326733556258397e+00
-2.156613349914550781e+01 1.832036508104480710e+00
-2.114736938476562500e+01 1.768729445388457666e+00
-2.072861099243164062e+01 1.751598549989088260e+00
-2.030985260009765625e+01 1.791554650873007359e+00
-1.989109420776367188e+01 1.773860865327442804e+00
-1.947233581542968750e+01 1.830475039023709893e+00
-1.905357360839843750e+01 1.825201842737690594e+00
-1.863481521606445312e+01 1.786481907694029259e+00
-1.821605300903320312e+01 1.724709283858820275e+00
-1.779729461669921875e+01 1.807034178759837184e+00
-1.737853622436523438e+01 1.745639375413128080e+00
-1.695977783203125000e+01 1.731213454714956912e+00
-1.654101371765136719e+01 1.749901350684375467e+00
-1.612225532531738281e+01 1.720554447997732384e+00
-1.570349216461181641e+01 1.682703320447132223e+00
-1.528473377227783203e+01 1.716807761774273633e+00
-1.486597537994384766e+01 1.658127974130922277e+00
-1.444721698760986328e+01 1.655134484880749213e+00
-1.402845859527587891e+01 1.649839269074647730e+00
-1.360969543457031250e+01 1.598746632126465617e+00
-1.319093704223632812e+01 1.560481693872771247e+00
-1.277217388153076172e+01 1.558047416050662104e+00
-1.235341548919677734e+01 1.512984158523200895e+00
-1.193465709686279297e+01 1.488433306508587739e+00
-1.151589870452880859e+01 1.425091120266832379e+00
-1.109713554382324219e+01 1.453179039214752777e+00
-1.067837715148925781e+01 1.399689312493779259e+00
-1.025961399078369141e+01 1.423304683041219265e+00
-9.840855598449707031e+00 1.406340438598446374e+00
-9.422097206115722656e+00 1.387835595031734703e+00
-9.003338813781738281e+00 1.423743664834691725e+00
-8.584580421447753906e+00 1.427503745152529646e+00
-8.165817260742187500e+00 1.351327405163276651e+00
-7.747058868408203125e+00 1.362832622814405648e+00
-7.328295707702636719e+00 1.325828400883128255e+00
-6.909537315368652344e+00 1.213418849337472905e+00
-6.490778923034667969e+00 1.164378515376511380e+00
-6.072020530700683594e+00 1.010372658772426657e+00
-5.653257369995117188e+00 8.114092408290085601e-01
-5.234498977661132812e+00 6.981871673834851855e-01
-4.815735816955566406e+00 5.266040331443696543e-01
-4.396977424621582031e+00 3.692438854656924230e-01
-3.978219032287597656e+00 2.089972750949175839e-01
-3.559460639953613281e+00 8.407791391004096337e-02
-3.140697479248046875e+00 -7.050912814852226818e-02
-2.721939086914062500e+00 -1.447401315717552761e-01
-2.303180694580078125e+00 -2.711107719379456382e-01
-1.884417533874511719e+00 -3.018132954691274961e-01
-1.465659141540527344e+00 -3.388801855747793357e-01
-1.046900749206542969e+00 -3.691187015941285732e-01
-6.281423568725585938e-01 -4.045622455717559074e-01
-2.093791961669921875e-01 -3.857971923285001825e-01
2.093791961669921875e-01 -3.876714978999262762e-01
6.281423568725585938e-01 -3.878112108475945119e-01
1.046900749206542969e+00 -3.847311598702924940e-01
1.465659141540527344e+00 -3.558488523133745973e-01
1.884417533874511719e+00 -3.176178263007772840e-01
2.303180694580078125e+00 -2.903049556132153985e-01
2.721939086914062500e+00 -2.167588856387038521e-01
3.140697479248046875e+00 -9.186820508447350597e-02
3.559460639953613281e+00 -4.484396357968822753e-06
3.978219032287597656e+00 1.460579690910918937e-01
4.396977424621582031e+00 3.063669765295903846e-01
4.815735816955566406e+00 4.876993152211839821e-01
5.234498977661132812e+00 6.263189665261328365e-01
5.653257369995117188e+00 8.138189261832847743e-01
6.072020530700683594e+00 9.325066793972847101e-01
6.490778923034667969e+00 1.064382101159907501e+00
6.909537315368652344e+00 1.163896390937196879e+00
7.328295707702636719e+00 1.249608033165950705e+00
7.747058868408203125e+00 1.263831803748887816e+00
8.165817260742187500e+00 1.299077363063740664e+00
8.584580421447753906e+00 1.268237867011722697e+00
9.003338813781738281e+00 1.326034685179089401e+00
9.422097206115722656e+00 1.330057130182441760e+00
9.840855598449707031e+00 1.372924832615846302e+00
1.025961399078369141e+01 1.404422261316032428e+00
1.067837715148925781e+01 1.414686297453946473e+00
1.109713554382324219e+01 1.468377856381511304e+00
1.151589870452880859e+01 1.452426391025960273e+00
1.193465709686279297e+01 1.552597265168355278e+00
1.235341548919677734e+01 1.525109989726660453e+00
1.277217388153076172e+01 1.602354323625629906e+00
1.319093704223632812e+01 1.610798553497474028e+00
1.360969543457031250e+01 1.637898942253355639e+00
1.402845859527587891e+01 1.646095167682484650e+00
1.444721698760986328e+01 1.696312993698291249e+00
1.486597537994384766e+01 1.662012084817412250e+00
1.528473377227783203e+01 1.705928983264054732e+00
1.570349216461181641e+01 1.671106629934639987e+00
1.612225532531738281e+01 1.703384478788617651e+00
1.654101371765136719e+01 1.753476749795912282e+00
1.695977783203125000e+01 1.774335034791373999e+00
1.737853622436523438e+01 1.816371539224097775e+00
1.779729461669921875e+01 1.852607477461126084e+00
1.821605300903320312e+01 1.838246417455372761e+00
1.863481140136718750e+01 1.857366867573180258e+00
1.905357742309570312e+01 1.845793862507877137e+00
1.947233581542968750e+01 1.872081976681069904e+00
1.989109420776367188e+01 1.840464033058030413e+00
2.030985260009765625e+01 1.885789949282606237e+00
2.072861099243164062e+01 1.884678811097012074e+00
2.114736938476562500e+01 1.973567507761328388e+00
2.156612777709960938e+01 2.076588813777132447e+00
2.198489761352539062e+01 2.151193927054451560e+00
2.240365600585937500e+01 2.260112688807032644e+00
2.282241439819335938e+01 2.456071960603932958e+00
2.324117279052734375e+01 2.528181449999272967e+00
2.365993118286132812e+01 2.579278842021766049e+00
2.407868957519531250e+01 2.527315960361096625e+00
2.449745559692382812e+01 2.361460799998744697e+00
2.491621398925781250e+01 2.129486068053488612e+00
2.533497238159179688e+01 1.805430945677927168e+00
2.575373077392578125e+01 1.411648336317009367e+00
2.617248916625976562e+01 1.136881761047027428e+00
2.659124755859375000e+01 7.326186360806596909e-01
2.701000595092773438e+01 4.264156081599645987e-01
2.742877578735351562e+01 1.312497574783701160e-01
2.784753417968750000e+01 -6.417856668523586050e-02
2.826629257202148438e+01 -2.415049296309775828e-01
2.868505096435546875e+01 -3.868052702682466260e-01
2.910380935668945312e+01 -4.224330070461491671e-01
2.952257537841796875e+01 -5.172718848571716821e-01
2.994133377075195312e+01 -5.373837419545737237e-01
3.036009216308593750e+01 -5.606890624619833563e-01
3.077885055541992188e+01 -5.560987543576649816e-01
3.119760894775390625e+01 -5.647645727851889896e-01
3.161636734008789062e+01 -5.823080061258906204e-01
3.203512573242187500e+01 -5.735794396881234158e-01
3.245388412475585938e+01 -5.450209130108087940e-01
3.287265396118164062e+01 -5.795571395474357068e-01
3.329141235351562500e+01 -5.690796216435330956e-01
3.371017074584960938e+01 -5.561516555659243854e-01
3.412892913818359375e+01 -5.774257866340037904e-01
3.454768753051757812e+01 -5.717548259545727207e-01
3.496645355224609375e+01 -5.627235018033838188e-01
3.538521194458007812e+01 -5.493225264862551249e-01
3.580397033691406250e+01 -5.448793643276630405e-01
3.622272872924804688e+01 -5.740688406034436531e-01
3.664148712158203125e+01 -5.704640449633132659e-01
3.706024551391601562e+01 -5.529611140805076319e-01
3.747900390625000000e+01 -5.661113305452127875e-01
3.789776229858398438e+01 -5.479730752606380983e-01
3.831653213500976562e+01 -5.598585704018351761e-01
3.873529052734375000e+01 -5.712445728638306797e-01
3.915404891967773438e+01 -5.343863612558202858e-01
3.957280731201171875e+01 -5.710975633695810627e-01
3.999156570434570312e+01 -5.537011161231132350e-01
4.041033172607421875e+01 -5.541075640386089463e-01
4.082909011840820312e+01 -5.630406722414010856e-01
4.124784851074218750e+01 -5.568498027137076534e-01
4.166660690307617188e+01 -5.501959115391436006e-01
