-4.166660690307617188e+01 -5.464347919314035407e-01
-4.124784469604492188e+01 -5.720562868550980173e-01
-4.082908630371093750e+01 -5.640000079711305903e-01
-4.041032791137695312e+01 -5.693909099255174411e-01
-3.999156951904296875e+01 -5.483640987259168487e-01
-3.957280731201171875e+01 -5.682773413140446150e-01
-3.915404891967773438e+01 -5.415565079217750100e-01
-3.873529052734375000e+01 -5.638785090532600908e-01
-3.831652832031250000e+01 -5.585929293738596257e-01
-3.789776611328125000e+01 -5.554659716603610464e-01
-3.747901153564453125e+01 -5.642974237817691696e-01
-3.706024932861328125e+01 -5.375151553526159587e-01
-3.664148712158203125e+01 -5.760590766529850582e-01
-3.622272872924804688e+01 -5.660197835725810922e-01
-3.580397033691406250e+01 -5.673217348113788194e-01
-3.538520812988281250e+01 -5.418482932134861541e-01
-3.496644973754882812e+01 -5.830046405455797665e-01
-3.454768753051757812e+01 -5.609424721739600939e-01
-3.412892913818359375e+01 -5.558925270920236361e-01
-3.371017074584960938e+01 -5.714609131234176242e-01
-3.329141235351562500e+01 -5.508507869455933070e-01
-3.287265014648437500e+01 -6.102307491233317505e-01
-3.245388793945312500e+01 -5.701085622570165601e-01
-3.203513336181640625e+01 -5.505976319775448546e-01
-3.161636734008789062e+01 -5.638504135768451775e-01
-3.119760894775390625e+01 -5.767367512387255868e-01
-3.077885055541992188e+01 -5.670541704641296477e-01
-3.036009025573730469e+01 -5.952955923254229509e-01
-2.994132995605468750e+01 -5.364208908522789532e-01
-2.952257156372070312e+01 -5.364040696286295207e-01
-2.910381126403808594e+01 -5.243436343768734798e-01
-2.868505096435546875e+01 -4.524976654172309654e-01
-2.826629257202148438e+01 -3.424101449383209483e-01
-2.784753417968750000e+01 -2.397419051533295487e-01
-2.742877006530761719e+01 -7.060274793094130363e-02
-2.701001167297363281e+01 1.644716144222948540e-01
-2.659125328063964844e+01 4.713609014654870921e-01
-2.617248916625976562e+01 7.792598003938958628e-01
-2.575373077392578125e+01 1.117723487004136596e+00
-2.533497238159179688e+01 1.419810268910520756e+00
-2.491621208190917969e+01 1.673568026566929712e+00
-2.449745178222656250e+01 1.899334948757323449e+00
-2.407869338989257812e+01 2.025366345112316946e+00
-2.365993309020996094e+01 2.067312468358867505e+00
-2.324117279052734375e+01 2.133895368636415490e+00
-2.282241439819335938e+01 2.139420745317850869e+00
-2.240365219116210938e+01 2.108828383423707375e+00
-2.198489189147949219e+01 2.079333078463823981e+00
-2.156613349914550781e+01 1.991921526083010985e+00
-2.114736938476562500e+01 1.995719971654446256e+00
-2.072861099243164062e+01 1.986454008700949903e+00
-2.030985260009765625e+01 1.987539708284349782e+00
-1.989109420776367188e+01 1.962079413158268837e+00
-1.947233581542968750e+01 1.953100382527441115e+00
-1.905357360839843750e+01 1.930063518184631288e+00
-1.863481521606445312e+01 1.821543128562945313e+00
-1.821605300903320312e+01 1.795111680520738773e+00
-1.779729461669921875e+01 1.823401153673406272e+00
-1.737853622436523438e+01 1.741654350253502903e+00
-1.695977783203125000e+01 1.753580989771337029e+00
-1.654101371765136719e+01 1.742557223153512025e+00
-1.612225532531738281e+01 1.683474547184762082e+00
-1.570349216461181641e+01 1.693433545016544972e+00
-1.528473377227783203e+01 1.740939503994299864e+00
-1.486597537994384766e+01 1.627890438011826424e+00
-1.444721698760986328e+01 1.649891025950142032e+00
-1.402845859527587891e+01 1.644196827369075464e+00
-1.360969543457031250e+01 1.579189188630884422e+00
-1.319093704223632812e+01 1.579282714322980175e+00
-1.277217388153076172e+01 1.567186555440370332e+00
-1.235341548919677734e+01 1.515365990252629524e+00
-1.193465709686279297e+01 1.456222747296423314e+00
-1.151589870452880859e+01 1.430675977245163599e+00
-1.109713554382324219e+01 1.425230256680146912e+00
-1.067837715148925781e+01 1.404965457453114963e+00
-1.025961399078369141e+01 1.442402383843408353e+00
-9.840855598449707031e+00 1.402465211973275228e+00
-9.422097206115722656e+00 1.397089670094790348e+00
-9.003338813781738281e+00 1.431349069990800249e+00
-8.584580421447753906e+00 1.441246660850867833e+00
-8.165817260742187500e+00 1.410789479560828230e+00
-7.747058868408203125e+00 1.532315225995345198e+00
-7.328295707702636719e+00 1.493024255757416485e+00
-6.909537315368652344e+00 1.506409725899358065e+00
-6.490778923034667969e+00 1.574327135057294047e+00
-6.072020530700683594e+00 1.639206930199641477e+00
-5.653257369995117188e+00 1.699647776716953107e+00
-5.234498977661132812e+00 1.916909299838319480e+00
-4.815735816955566406e+00 1.970346086189974644e+00
-4.396977424621582031e+00 2.181070573339685126e+00
-3.978219032287597656e+00 2.376996096684540483e+00
-3.559460639953613281e+00 2.567248021442488870e+00
-3.140697479248046875e+00 2.729049433704441974e+00
-2.721939086914062500e+00 2.898356527387274006e+00
-2.303180694580078125e+00 2.982910698618835621e+00
-1.884417533874511719e+00 3.092193221916617940e+00
-1.465659141540527344e+00 3.123058585919847197e+00
-1.046900749206542969e+00 3.260941058192867725e+00
-6.281423568725585938e-01 3.299144232757351691e+00
-2.093791961669921875e-01 3.334566768234992207e+00
2.093791961669921875e-01 3.331647580905331196e+00
6.281423568725585938e-01 3.295763112365833081e+00
1.046900749206542969e+00 3.280787135854641878e+00
1.465659141540527344e+00 3.146120915840235455e+00
1.884417533874511719e+00 3.015997673241448851e+00
2.303180694580078125e+00 2.893169349314022920e+00
2.721939086914062500e+00 2.698019547815864616e+00
3.140697479248046875e+00 2.475291292868199822e+00
3.559460639953613281e+00 2.302855706685128734e+00
3.978219032287597656e+00 2.084486667952877514e+00
4.396977424621582031e+00 1.889355299803743282e+00
4.815735816955566406e+00 1.748027487292020510e+00
5.234498977661132812e+00 1.619381094712649460e+00
5.653257369995117188e+00 1.579958930246921245e+00
6.072020530700683594e+00 1.539663029808211236e+00
6.490778923034667969e+00 1.521566769439683053e+00
6.909537315368652344e+00 1.489498380455132276e+00
7.328295707702636719e+00 1.472584311630482645e+00
7.747058868408203125e+00 1.466657679069438336e+00
8.165817260742187500e+00 1.415679470662279948e+00
8.584580421447753906e+00 1.388271901820298471e+00
9.003338813781738281e+00 1.411125506192518975e+00
9.422097206115722656e+00 1.380290997601022251e+00
9.840855598449707031e+00 1.408308939492726619e+00
1.025961399078369141e+01 1.416845071376998888e+00
1.067837715148925781e+01 1.439678369364600696e+00
1.109713554382324219e+01 1.473833540213860038e+00
1.151589870452880859e+01 1.475861266952336104e+00
1.193465709686279297e+01 1.558893225912971303e+00
1.235341548919677734e+01 1.532973774428087355e+00
1.277217388153076172e+01 1.590108813378709351e+00
1.319093704223632812e+01 1.631357364222251416e+00
1.360969543457031250e+01 1.629496173130667191e+00
1.402845859527587891e+01 1.675404762994533003e+00
1.444721698760986328e+01 1.709411815163412340e+00
1.486597537994384766e+01 1.661495960563479812e+00
1.528473377227783203e+01 1.693986971313759637e+00
1.570349216461181641e+01 1.672763320952928678e+00
1.612225532531738281e+01 1.679342806796772836e+00
1.654101371765136719e+01 1.803887549226324216e+00
1.695977783203125000e+01 1.767589758798108646e+00
1.737853622436523438e+01 1.810064101034982054e+00
1.779729461669921875e+01 1.846544844396358354e+00
1.821605300903320312e+01 1.851248799164073588e+00
1.863481140136718750e+01 1.872183465454790197e+00
1.905357742309570312e+01 1.914248882471803137e+00
1.947233581542968750e+01 1.902181347141916223e+00
1.989109420776367188e+01 1.885515311301257713e+00
2.030985260009765625e+01 1.912971890396183650e+00
2.072861099243164062e+01 1.901902920356477233e+00
2.114736938476562500e+01 1.929807977100769234e+00
2.156612777709960938e+01 1.971530272445926490e+00
2.198489761352539062e+01 1.942885782351229773e+00
2.240365600585937500e+01 1.879824439931014224e+00
2.282241439819335938e+01 1.979556136874771832e+00
2.324117279052734375e+01 1.926230602337920983e+00
2.365993118286132812e+01 1.841814493401156883e+00
2.407868957519531250e+01 1.758025357475668571e+00
2.449745559692382812e+01 1.587197864845932838e+00
2.491621398925781250e+01 1.336727486034559487e+00
2.533497238159179688e+01 1.059814668038356889e+00
2.575373077392578125e+01 7.872645452654474241e-01
2.617248916625976562e+01 5.198177671578149139e-01
2.659124755859375000e+01 2.477723591905685308e-01
2.701000595092773438e+01 5.597704720974610443e-02
2.742877578735351562e+01 -1.425474743021359070e-01
2.784753417968750000e+01 -2.793434052536012957e-01
2.826629257202148438e+01 -3.845891091710788579e-01
2.868505096435546875e+01 -4.785172788686355982e-01
2.910380935668945312e+01 -4.814821655146476198e-01
2.952257537841796875e+01 -5.517720400720528273e-01
2.994133377075195312e+01 -5.562235408504878631e-01
3.036009216308593750e+01 -5.751974058100917109e-01
3.077885055541992188e+01 -5.616694524621914653e-01
3.119760894775390625e+01 -5.670471392310298953e-01
3.161636734008789062e+01 -5.834797020575375193e-01
3.203512573242187500e+01 -5.745500636904353753e-01
3.245388412475585938e+01 -5.451345689339803791e-01
3.287265396118164062e+01 -5.796620488316045483e-01
3.329141235351562500e+01 -5.690796216435330956e-01
3.371017074584960938e+01 -5.561516555659243854e-01
3.412892913818359375e+01 -5.774257866340037904e-01
3.454768753051757812e+01 -5.717548259545727207e-01
3.496645355224609375e+01 -5.627235018033838188e-01
3.538521194458007812e+01 -5.493225264862551249e-01
3.580397033691406250e+01 -5.448793643276630405e-01
3.622272872924804688e+01 -5.740688406034436531e-01
3.664148712158203125e+01 -5.704640449633132659e-01
3.706024551391601562e+01 -5.529611140805076319e-01
3.747900390625000000e+01 -5.661113305452127875e-01
3.789776229858398438e+01 -5.479730752606380983e-01
3.831653213500976562e+01 -5.598585704018351761e-01
3.873529052734375000e+01 -5.712445728638306797e-01
3.915404891967773438e+01 -5.343863612558202858e-01
3.957280731201171875e+01 -5.710975633695810627e-01
3.999156570434570312e+01 -5.537011161231132350e-01
4.041033172607421875e+01 -5.541075640386089463e-01
4.082909011840820312e+01 -5.630406722414010856e-01
4.124784851074218750e+01 -5.568498027137076534e-01
4.166660690307617188e+01 -5.501959115391436006e-01
