-3.171660614013671875e+01 -5.626308095487879690e-01
-3.139784812927246094e+01 -5.881684201060279893e-01
-3.107908630371093750e+01 -5.590706905042261976e-01
-3.076032638549804688e+01 -5.551377579260404760e-01
-3.044156837463378906e+01 -5.927243095104259840e-01
-3.012281036376953125e+01 -5.500010766121931072e-01
-2.980404853820800781e+01 -5.304322223778573653e-01
-2.948528671264648438e+01 -5.464609432430701519e-01
-2.916652679443359375e+01 -5.372164953983399327e-01
-2.884776878356933594e+01 -5.036884524129681129e-01
-2.852901077270507812e+01 -4.651138655354190576e-01
-2.821024894714355469e+01 -4.083402527056103071e-01
-2.789148712158203125e+01 -3.628191973422242311e-01
-2.757272720336914062e+01 -3.174349823642635959e-01
-2.725396919250488281e+01 -1.988039632307292970e-01
-2.693521118164062500e+01 -7.203253768848462413e-02
-2.661644935607910156e+01 4.228893994796706357e-02
-2.629768753051757812e+01 2.233140516611976101e-01
-2.597892951965332031e+01 3.513585489754719182e-01
-2.566016960144042969e+01 4.895759430702699699e-01
-2.534141159057617188e+01 6.372055563951992685e-01
-2.502264976501464844e+01 7.303237441907329819e-01
-2.470388793945312500e+01 8.077271213872295741e-01
-2.438512992858886719e+01 8.699029111370530920e-01
-2.406637001037597656e+01 8.097785489708839712e-01
-2.374761199951171875e+01 8.362830891960947310e-01
-2.342885017395019531e+01 7.633877122996050035e-01
-2.311008834838867188e+01 7.433704810187592438e-01
-2.279133033752441406e+01 6.686277139092223765e-01
-2.247257232666015625e+01 6.098287288752368696e-01
-2.215381240844726562e+01 5.064556430609387094e-01
-2.183505058288574219e+01 4.590026081827103810e-01
-2.151628875732421875e+01 3.904956365736538815e-01
-2.119753265380859375e+01 3.431381575028403796e-01
-2.087876892089843750e+01 2.799556123541120933e-01
-2.056001281738281250e+01 2.914079802413060971e-01
-2.024125671386718750e+01 2.663890560111115691e-01
-1.992248916625976562e+01 2.615075710019195143e-01
-1.960373306274414062e+01 2.141547755980397483e-01
-1.928496932983398438e+01 2.394071338941319849e-01
-1.896621322631835938e+01 1.894459013816803261e-01
-1.864745712280273438e+01 1.535147149613167727e-01
-1.832868957519531250e+01 1.311871279501350129e-01
-1.800993347167968750e+01 1.177847580942717048e-01
-1.769116973876953125e+01 9.839375744074946306e-02
-1.737241363525390625e+01 7.101638715554028924e-02
-1.705365753173828125e+01 3.532591050301569363e-02
-1.673488998413085938e+01 4.044317405920672820e-02
-1.641613388061523438e+01 3.329240873449830496e-02
-1.609737014770507812e+01 2.808423597093202828e-02
-1.577861309051513672e+01 5.118395420302425218e-03
-1.545985698699951172e+01 3.152590510520893174e-02
-1.514109134674072266e+01 -2.145641039946661211e-03
-1.482233524322509766e+01 -7.155300724063614476e-03
-1.450357437133789062e+01 -2.359033697680010949e-02
-1.418481349945068359e+01 -5.907316223646524866e-02
-1.386605739593505859e+01 -6.359805709764035364e-02
-1.354729175567626953e+01 -8.992180883825179327e-02
-1.322853565216064453e+01 -1.275561528883395745e-01
-1.290977478027343750e+01 -1.250782428787017564e-01
-1.259101390838623047e+01 -1.997983607916375970e-01
-1.227225780487060547e+01 -1.602119456458547253e-01
-1.195349216461181641e+01 -2.254933216415417052e-01
-1.163473606109619141e+01 -2.541807842600606882e-01
-1.131597518920898438e+01 -2.416753736889573068e-01
-1.099721431732177734e+01 -2.745854678503797386e-01
-1.067845821380615234e+01 -3.032732799567648962e-01
-1.035969257354736328e+01 -3.087028744646453382e-01
-1.004093647003173828e+01 -3.243475822987049728e-01
-9.722175598144531250e+00 -3.446655293549605314e-01
-9.403414726257324219e+00 -3.287243750574933010e-01
-9.084658622741699219e+00 -3.274786162917335819e-01
-8.765892982482910156e+00 -3.005927781854213499e-01
-8.447136878967285156e+00 -3.385886978808895220e-01
-8.128380775451660156e+00 -3.445714270993530670e-01
-7.809615135192871094e+00 -3.308661558450989859e-01
-7.490859031677246094e+00 -3.621312543063462952e-01
-7.172093391418457031e+00 -3.912341203207274631e-01
-6.853337287902832031e+00 -4.104342979516744094e-01
-6.534581184387207031e+00 -4.050202463871155900e-01
-6.215815544128417969e+00 -4.578149054410873831e-01
-5.897059440612792969e+00 -4.981464393081295183e-01
-5.578293800354003906e+00 -5.265816114017891625e-01
-5.259537696838378906e+00 -5.021072210387431678e-01
-4.940781593322753906e+00 -5.162570408587915383e-01
-4.622015953063964844e+00 -5.165887829490489747e-01
-4.303259849548339844e+00 -5.006864297476353309e-01
-3.984494209289550781e+00 -5.264689929083631315e-01
-3.665738105773925781e+00 -4.550659358195945914e-01
-3.346982002258300781e+00 -4.684772930736532670e-01
-3.028216361999511719e+00 -4.797459984680755296e-01
-2.709460258483886719e+00 -4.328177619830983480e-01
-2.390699386596679688e+00 -4.549248552461560569e-01
-2.071938514709472656e+00 -4.604420573601299971e-01
-1.753182411193847656e+00 -4.238318160157586445e-01
-1.434416770935058594e+00 -4.128507775259230850e-01
-1.115660667419433594e+00 -3.866826657055393301e-01
-7.968997955322265625e-01 -4.535784889847341295e-01
-4.781389236450195312e-01 -4.136275844708683369e-01
-1.593828201293945312e-01 -3.921252442171762054e-01
1.593828201293945312e-01 -4.096019369979994051e-01
4.781389236450195312e-01 -4.185097538937981310e-01
7.968997955322265625e-01 -3.924212551445688812e-01
1.115660667419433594e+00 -4.119112124931122998e-01
1.434416770935058594e+00 -4.131949926263145390e-01
1.753182411193847656e+00 -4.401176156543614715e-01
2.071938514709472656e+00 -4.382880016650535504e-01
2.390699386596679688e+00 -4.586656423079089606e-01
2.709460258483886719e+00 -5.022945650684687013e-01
3.028216361999511719e+00 -4.909566875528936225e-01
3.346982002258300781e+00 -5.216615384311900083e-01
3.665738105773925781e+00 -5.280243754186662031e-01
3.984494209289550781e+00 -5.270070413927218089e-01
4.303259849548339844e+00 -5.487801884090929283e-01
4.622015953063964844e+00 -5.548937134614779776e-01
4.940781593322753906e+00 -5.058480081004961271e-01
5.259537696838378906e+00 -5.169350843860962552e-01
5.578293800354003906e+00 -4.644862157755483834e-01
5.897059440612792969e+00 -4.508947994604289300e-01
6.215815544128417969e+00 -4.047057946795108441e-01
6.534581184387207031e+00 -3.711784850891304832e-01
6.853337287902832031e+00 -3.444954968889699654e-01
7.172093391418457031e+00 -3.720458729346676763e-01
7.490859031677246094e+00 -3.151448995778027284e-01
7.809615135192871094e+00 -3.444907496787879553e-01
8.128380775451660156e+00 -3.184174390897438478e-01
8.447136878967285156e+00 -3.333324745071752360e-01
8.765892982482910156e+00 -3.395288705460132173e-01
9.084658622741699219e+00 -3.400889407373959838e-01
9.403414726257324219e+00 -3.217589839218095715e-01
9.722175598144531250e+00 -3.308743118857943033e-01
1.004093647003173828e+01 -3.116578923357933850e-01
1.035969257354736328e+01 -3.064366098057921262e-01
1.067845821380615234e+01 -2.595104808385530482e-01
1.099721431732177734e+01 -2.268787471434629832e-01
1.131597518920898438e+01 -2.076742631336195299e-01
1.163473606109619141e+01 -2.144893691915703560e-01
1.195349216461181641e+01 -1.259962217405049267e-01
1.227225780487060547e+01 -1.359535824700975060e-01
1.259101390838623047e+01 -1.177459000740598283e-01
1.290977478027343750e+01 -8.273361124496608765e-02
1.322853565216064453e+01 -5.237533583397496750e-02
1.354729175567626953e+01 -4.465042284072865547e-02
1.386605739593505859e+01 -2.268993179463217255e-02
1.418481349945068359e+01 -4.966298036174299733e-03
1.450357437133789062e+01 1.327705727474418366e-03
1.482233524322509766e+01 -2.439506720796321901e-02
1.514109134674072266e+01 3.067811108507258883e-03
1.545985698699951172e+01 1.925048005495274325e-03
1.577861309051513672e+01 6.384506823761038063e-02
1.609737014770507812e+01 -7.663779093017222301e-03
1.641613388061523438e+01 7.605364843818022969e-02
1.673488998413085938e+01 7.713701184211667339e-02
1.705365753173828125e+01 9.031499989734446954e-02
1.737241363525390625e+01 1.200136844756026222e-01
1.769116973876953125e+01 1.251919654360678646e-01
1.800993347167968750e+01 1.784255852214284843e-01
1.832868957519531250e+01 1.369395314266025343e-01
1.864744567871093750e+01 1.868975510335572909e-01
1.896621322631835938e+01 2.426844762165978608e-01
1.928497695922851562e+01 1.857864960114959385e-01
1.960373306274414062e+01 1.899617547389009509e-01
1.992248916625976562e+01 2.171823678017647530e-01
2.024124526977539062e+01 2.451243529444344371e-01
2.056001281738281250e+01 2.669213657458491817e-01
2.087877655029296875e+01 2.898629936712040500e-01
2.119753265380859375e+01 3.836756747524717182e-01
2.151628875732421875e+01 4.406641220098448386e-01
2.183504486083984375e+01 4.556817969830696535e-01
2.215381240844726562e+01 5.346313720428410576e-01
2.247257614135742188e+01 6.145466495915986593e-01
2.279133224487304688e+01 7.056628093838375193e-01
2.311008834838867188e+01 7.618904612710443169e-01
2.342884445190429688e+01 7.555035599258724810e-01
2.374761199951171875e+01 8.069973999893470529e-01
2.406637573242187500e+01 8.058529013613635605e-01
2.438513183593750000e+01 7.575070507476975301e-01
2.470388793945312500e+01 6.463779170722564471e-01
2.502264404296875000e+01 5.825074500687338341e-01
2.534141159057617188e+01 4.427523159817859932e-01
2.566016769409179688e+01 3.319652170790243217e-01
2.597893142700195312e+01 1.877139388031661693e-01
2.629768753051757812e+01 7.179429948824428420e-02
2.661644363403320312e+01 -8.130172900937703007e-02
2.693521118164062500e+01 -1.516210586443481889e-01
2.725396728515625000e+01 -2.573798691006712880e-01
2.757273101806640625e+01 -3.512755297214406602e-01
2.789148712158203125e+01 -3.803370820338212721e-01
2.821024322509765625e+01 -4.456919418248284082e-01
2.852901077270507812e+01 -5.005400764083972609e-01
2.884776687622070312e+01 -5.165524031155234175e-01
2.916653060913085938e+01 -5.132319268417540048e-01
2.948528671264648438e+01 -5.456131690802051848e-01
2.980404281616210938e+01 -5.567979642913007954e-01
3.012281036376953125e+01 -5.475891695041923413e-01
3.044156646728515625e+01 -5.777778691662920352e-01
3.076033020019531250e+01 -5.540056264027766186e-01
3.107908630371093750e+01 -5.503106222514941859e-01
3.139784240722656250e+01 -5.825273205720359337e-01
3.171660995483398438e+01 -5.691429903796282330e-01
