-4.166660690307617188e+01 -5.464347919314035407e-01
-4.124784469604492188e+01 -5.720562868550980173e-01
-4.082908630371093750e+01 -5.640000079711305903e-01
-4.041032791137695312e+01 -5.693909099255174411e-01
-3.999156951904296875e+01 -5.483640987259168487e-01
-3.957280731201171875e+01 -5.682773413140446150e-01
-3.915404891967773438e+01 -5.415565079217750100e-01
-3.873529052734375000e+01 -5.638785090532600908e-01
-3.831652832031250000e+01 -5.585929293738596257e-01
-3.789776611328125000e+01 -5.554659716603610464e-01
-3.747901153564453125e+01 -5.642974237817691696e-01
-3.706024932861328125e+01 -5.375151553526159587e-01
-3.664148712158203125e+01 -5.760590766529850582e-01
-3.622272872924804688e+01 -5.660197835725810922e-01
-3.580397033691406250e+01 -5.673217348113788194e-01
-3.538520812988281250e+01 -5.418482932134861541e-01
-3.496644973754882812e+01 -5.830046405455797665e-01
-3.454768753051757812e+01 -5.609424721739600939e-01
-3.412892913818359375e+01 -5.558925270920236361e-01
-3.371017074584960938e+01 -5.714609131234176242e-01
-3.329141235351562500e+01 -5.507458776614244655e-01
-3.287265014648437500e+01 -6.096012934183185905e-01
-3.245388793945312500e+01 -5.691643786994967646e-01
-3.203513336181640625e+01 -5.487092648625051527e-01
-3.161636734008789062e+01 -5.611227721884546327e-01
-3.119760894775390625e+01 -5.709842338874433487e-01
-3.077885055541992188e+01 -5.576385748059400349e-01
-3.036009025573730469e+01 -5.789210477399417965e-01
-2.994132995605468750e+01 -5.085553263401842994e-01
-2.952257156372070312e+01 -4.987868500849803044e-01
-2.910381126403808594e+01 -4.652156725201333498e-01
-2.868505096435546875e+01 -3.873471286916093659e-01
-2.826629257202148438e+01 -2.673507736598383366e-01
-2.784753417968750000e+01 -1.474395518271456040e-01
-2.742877006530761719e+01 2.873312748145159454e-02
-2.701001167297363281e+01 2.564460242081236241e-01
-2.659125328063964844e+01 5.542950713583346678e-01
-2.617248916625976562e+01 8.754132918192886192e-01
-2.575373077392578125e+01 1.178257527510513603e+00
-2.533497238159179688e+01 1.494193260982631832e+00
-2.491621208190917969e+01 1.708774014388120044e+00
-2.449745178222656250e+01 1.950811244000585365e+00
-2.407869338989257812e+01 2.040350086428419640e+00
-2.365993309020996094e+01 2.118071407198168998e+00
-2.324117279052734375e+01 2.137789685708123777e+00
-2.282241439819335938e+01 2.132365904810586965e+00
-2.240365219116210938e+01 2.136292173894704050e+00
-2.198489189147949219e+01 2.073715585840629316e+00
-2.156613349914550781e+01 1.975494725367876292e+00
-2.114736938476562500e+01 1.993428663607990314e+00
-2.072861099243164062e+01 1.981269874756288463e+00
-2.030985260009765625e+01 1.923117123689546126e+00
-1.989109420776367188e+01 1.949293627655458883e+00
-1.947233581542968750e+01 1.941585757759971331e+00
-1.905357360839843750e+01 1.868857290409470462e+00
-1.863481521606445312e+01 1.861139990631875518e+00
-1.821605300903320312e+01 1.788130628191774818e+00
-1.779729461669921875e+01 1.747776281953073552e+00
-1.737853622436523438e+01 1.772669171361213714e+00
-1.695977783203125000e+01 1.746821373522355225e+00
-1.654101371765136719e+01 1.696957786594843753e+00
-1.612225532531738281e+01 1.713686513492259644e+00
-1.570349216461181641e+01 1.715428096380093859e+00
-1.528473377227783203e+01 1.655688492519779231e+00
-1.486597537994384766e+01 1.652559457647760466e+00
-1.444721698760986328e+01 1.685632503567700891e+00
-1.402845859527587891e+01 1.591679116777509950e+00
-1.360969543457031250e+01 1.606147162379095272e+00
-1.319093704223632812e+01 1.580713040711593687e+00
-1.277217388153076172e+01 1.505109667266853357e+00
-1.235341548919677734e+01 1.523312322871162028e+00
-1.193465709686279297e+01 1.507175068479550184e+00
-1.151589870452880859e+01 1.399472096729268422e+00
-1.109713554382324219e+01 1.433184810937805809e+00
-1.067837715148925781e+01 1.439953319414266630e+00
-1.025961399078369141e+01 1.404536078562222290e+00
-9.840855598449707031e+00 1.424115958955696648e+00
-9.422097206115722656e+00 1.449267013492516964e+00
-9.003338813781738281e+00 1.459130710098591743e+00
-8.584580421447753906e+00 1.461210437119675243e+00
-8.165817260742187500e+00 1.495589599779401091e+00
-7.747058868408203125e+00 1.554254464943974012e+00
-7.328295707702636719e+00 1.518272431878033402e+00
-6.909537315368652344e+00 1.582277149577592246e+00
-6.490778923034667969e+00 1.586945122135363428e+00
-6.072020530700683594e+00 1.619996697034477240e+00
-5.653257369995117188e+00 1.687066914486134106e+00
-5.234498977661132812e+00 1.807809756873226315e+00
-4.815735816955566406e+00 1.844560953847443230e+00
-4.396977424621582031e+00 2.035120064776098303e+00
-3.978219032287597656e+00 2.197610273728678010e+00
-3.559460639953613281e+00 2.342120380147867831e+00
-3.140697479248046875e+00 2.505849128421577809e+00
-2.721939086914062500e+00 2.633419037317936695e+00
-2.303180694580078125e+00 2.675596074106564082e+00
-1.884417533874511719e+00 2.772294329224241238e+00
-1.465659141540527344e+00 2.794945486728060313e+00
-1.046900749206542969e+00 2.911489497261376513e+00
-6.281423568725585938e-01 2.897872699168816180e+00
-2.093791961669921875e-01 2.931956914234125300e+00
2.093791961669921875e-01 2.901547483896553370e+00
6.281423568725585938e-01 2.919975310552286984e+00
1.046900749206542969e+00 2.890944497879221586e+00
1.465659141540527344e+00 2.844496324624954831e+00
1.884417533874511719e+00 2.677501128524776508e+00
2.303180694580078125e+00 2.659254293354432086e+00
2.721939086914062500e+00 2.481171752112588891e+00
3.140697479248046875e+00 2.363211710541877064e+00
3.559460639953613281e+00 2.174136623118237299e+00
3.978219032287597656e+00 2.016258866121305893e+00
4.396977424621582031e+00 1.881404148472339832e+00
4.815735816955566406e+00 1.789723059036522956e+00
5.234498977661132812e+00 1.672959255676803370e+00
5.653257369995117188e+00 1.661179367532302331e+00
6.072020530700683594e+00 1.672657886690416928e+00
6.490778923034667969e+00 1.657419443495179889e+00
6.909537315368652344e+00 1.681112026905865919e+00
7.328295707702636719e+00 1.663400794642421632e+00
7.747058868408203125e+00 1.627765383466577287e+00
8.165817260742187500e+00 1.632230812740963932e+00
8.584580421447753906e+00 1.568042396518047887e+00
9.003338813781738281e+00 1.568290172320280895e+00
9.422097206115722656e+00 1.527297310137143205e+00
9.840855598449707031e+00 1.560384586336595936e+00
1.025961399078369141e+01 1.529644339857209490e+00
1.067837715148925781e+01 1.581893947191081784e+00
1.109713554382324219e+01 1.599907325750970166e+00
1.151589870452880859e+01 1.571487497274227207e+00
1.193465709686279297e+01 1.650111060494153126e+00
1.235341548919677734e+01 1.638323046784473380e+00
1.277217388153076172e+01 1.695994897604087281e+00
1.319093704223632812e+01 1.745274907629489114e+00
1.360969543457031250e+01 1.752215267907777374e+00
1.402845859527587891e+01 1.757294895562729886e+00
1.444721698760986328e+01 1.782920033498412771e+00
1.486597537994384766e+01 1.785162647870428776e+00
1.528473377227783203e+01 1.793805762974518325e+00
1.570349216461181641e+01 1.779588141232320897e+00
1.612225532531738281e+01 1.794418362885542795e+00
1.654101371765136719e+01 1.852167607942681427e+00
1.695977783203125000e+01 1.829260673939200554e+00
1.737853622436523438e+01 1.889122284513971683e+00
1.779729461669921875e+01 1.911036446825104207e+00
1.821605300903320312e+01 1.886759582162578441e+00
1.863481140136718750e+01 1.897031182553192474e+00
1.905357742309570312e+01 1.878298960757751601e+00
1.947233581542968750e+01 1.850826142464980784e+00
1.989109420776367188e+01 1.872144248681819612e+00
2.030985260009765625e+01 1.890790811917514969e+00
2.072861099243164062e+01 1.868548112327087285e+00
2.114736938476562500e+01 1.947174944771691951e+00
2.156612777709960938e+01 2.007473768201806674e+00
2.198489761352539062e+01 1.984686925423889914e+00
2.240365600585937500e+01 2.001692587500878417e+00
2.282241439819335938e+01 2.118455162511871048e+00
2.324117279052734375e+01 2.042129049882423608e+00
2.365993118286132812e+01 2.002233376800244713e+00
2.407868957519531250e+01 1.908213666043027779e+00
2.449745559692382812e+01 1.690204258246772895e+00
2.491621398925781250e+01 1.463684256871135014e+00
2.533497238159179688e+01 1.188234787856488950e+00
2.575373077392578125e+01 8.996232713356242527e-01
2.617248916625976562e+01 6.406185768807145520e-01
2.659124755859375000e+01 3.414918756167372726e-01
2.701000595092773438e+01 1.382717591926554968e-01
2.742877578735351562e+01 -7.939359271772469806e-02
2.784753417968750000e+01 -2.015384196543253681e-01
2.826629257202148438e+01 -3.256570387746509643e-01
2.868505096435546875e+01 -4.339131130914676837e-01
2.910380935668945312e+01 -4.450254274619235284e-01
2.952257537841796875e+01 -5.248778885735994049e-01
2.994133377075195312e+01 -5.390964023933867422e-01
3.036009216308593750e+01 -5.623095939878801630e-01
3.077885055541992188e+01 -5.539751812522786256e-01
3.119760894775390625e+01 -5.617492455724346634e-01
3.161636734008789062e+01 -5.805422421008090694e-01
3.203512573242187500e+01 -5.729764244279023089e-01
3.245388412475585938e+01 -5.445051132289672191e-01
3.287265396118164062e+01 -5.787178652740846418e-01
3.329141235351562500e+01 -5.687648937910265712e-01
3.371017074584960938e+01 -5.559418369975867025e-01
3.412892913818359375e+01 -5.773208773498349489e-01
3.454768753051757812e+01 -5.716499166704037682e-01
3.496645355224609375e+01 -5.627235018033838188e-01
3.538521194458007812e+01 -5.493225264862551249e-01
3.580397033691406250e+01 -5.448793643276630405e-01
3.622272872924804688e+01 -5.740688406034436531e-01
3.664148712158203125e+01 -5.704640449633132659e-01
3.706024551391601562e+01 -5.529611140805076319e-01
3.747900390625000000e+01 -5.661113305452127875e-01
3.789776229858398438e+01 -5.479730752606380983e-01
3.831653213500976562e+01 -5.598585704018351761e-01
3.873529052734375000e+01 -5.712445728638306797e-01
3.915404891967773438e+01 -5.343863612558202858e-01
3.957280731201171875e+01 -5.710975633695810627e-01
3.999156570434570312e+01 -5.537011161231132350e-01
4.041033172607421875e+01 -5.541075640386089463e-01
4.082909011840820312e+01 -5.630406722414010856e-01
4.124784851074218750e+01 -5.568498027137076534e-01
4.166660690307617188e+01 -5.501959115391436006e-01
