-4.166660690307617188e+01 -5.464347919314035407e-01
-4.124784469604492188e+01 -5.720562868550980173e-01
-4.082908630371093750e+01 -5.640000079711305903e-01
-4.041032791137695312e+01 -5.693909099255174411e-01
-3.999156951904296875e+01 -5.483640987259168487e-01
-3.957280731201171875e+01 -5.682773413140446150e-01
-3.915404891967773438e+01 -5.415565079217750100e-01
-3.873529052734375000e+01 -5.638785090532600908e-01
-3.831652832031250000e+01 -5.585929293738596257e-01
-3.789776611328125000e+01 -5.554659716603610464e-01
-3.747901153564453125e+01 -5.642974237817691696e-01
-3.706024932861328125e+01 -5.375151553526159587e-01
-3.664148712158203125e+01 -5.760590766529850582e-01
-3.622272872924804688e+01 -5.660197835725810922e-01
-3.580397033691406250e+01 -5.673217348113788194e-01
-3.538520812988281250e+01 -5.418482932134861541e-01
-3.496644973754882812e+01 -5.830046405455797665e-01
-3.454768753051757812e+01 -5.609424721739600939e-01
-3.412892913818359375e+01 -5.558925270920236361e-01
-3.371017074584960938e+01 -5.714609131234176242e-01
-3.329141235351562500e+01 -5.508507869455933070e-01
-3.287265014648437500e+01 -6.102307491233317505e-01
-3.245388793945312500e+01 -5.701085622570165601e-01
-3.203513336181640625e+01 -5.505976319775448546e-01
-3.161636734008789062e+01 -5.638504135768451775e-01
-3.119760894775390625e+01 -5.767542445167312959e-01
-3.077885055541992188e+01 -5.676049568019825298e-01
-3.036009025573730469e+01 -5.963359889119740354e-01
-2.994132995605468750e+01 -5.393986558858318014e-01
-2.952257156372070312e+01 -5.451567536876203990e-01
-2.910381126403808594e+01 -5.417994499634073424e-01
-2.868505096435546875e+01 -4.926760499971534757e-01
-2.826629257202148438e+01 -4.133844972229033798e-01
-2.784753417968750000e+01 -3.545304787764924637e-01
-2.742877006530761719e+01 -2.565152161737017655e-01
-2.701001167297363281e+01 -9.573444274676747023e-02
-2.659125328063964844e+01 1.179773585000112451e-01
-2.617248916625976562e+01 3.536994216475075614e-01
-2.575373077392578125e+01 6.078657494843767717e-01
-2.533497238159179688e+01 8.547711739733775405e-01
-2.491621208190917969e+01 1.098306889809474551e+00
-2.449745178222656250e+01 1.353247961374710373e+00
-2.407869338989257812e+01 1.530910602504395701e+00
-2.365993309020996094e+01 1.737040887096838571e+00
-2.324117279052734375e+01 1.927551480233707704e+00
-2.282241439819335938e+01 2.117154058606102396e+00
-2.240365219116210938e+01 2.246342012987846193e+00
-2.198489189147949219e+01 2.312803844461482683e+00
-2.156613349914550781e+01 2.359357796141766883e+00
-2.114736938476562500e+01 2.485558115644151744e+00
-2.072861099243164062e+01 2.549458557814883175e+00
-2.030985260009765625e+01 2.642165357382971091e+00
-1.989109420776367188e+01 2.715026492804032188e+00
-1.947233581542968750e+01 2.758619262867118671e+00
-1.905357360839843750e+01 2.816712672875196333e+00
-1.863481521606445312e+01 2.830187048499717140e+00
-1.821605300903320312e+01 2.810261783849063999e+00
-1.779729461669921875e+01 2.948043402129097768e+00
-1.737853622436523438e+01 2.968425192317977857e+00
-1.695977783203125000e+01 2.974784544718967805e+00
-1.654101371765136719e+01 3.053329921614147402e+00
-1.612225532531738281e+01 3.087263771115261068e+00
-1.570349216461181641e+01 3.125723603462192912e+00
-1.528473377227783203e+01 3.163864361731435704e+00
-1.486597537994384766e+01 3.100937034883163967e+00
-1.444721698760986328e+01 3.147018832040042735e+00
-1.402845859527587891e+01 3.085692232626373155e+00
-1.360969543457031250e+01 3.042355262650905168e+00
-1.319093704223632812e+01 2.943904279201873919e+00
-1.277217388153076172e+01 2.869454907882993844e+00
-1.235341548919677734e+01 2.789882110641912494e+00
-1.193465709686279297e+01 2.678172498372459298e+00
-1.151589870452880859e+01 2.520637616641964396e+00
-1.109713554382324219e+01 2.498538591672661902e+00
-1.067837715148925781e+01 2.404699096631176758e+00
-1.025961399078369141e+01 2.339697437643513567e+00
-9.840855598449707031e+00 2.267586603673396706e+00
-9.422097206115722656e+00 2.171777253563509813e+00
-9.003338813781738281e+00 2.162127823314177633e+00
-8.584580421447753906e+00 2.071572652414150451e+00
-8.165817260742187500e+00 1.945860247432184442e+00
-7.747058868408203125e+00 1.931403341531053863e+00
-7.328295707702636719e+00 1.758724511193078932e+00
-6.909537315368652344e+00 1.628542143896060557e+00
-6.490778923034667969e+00 1.426538826641166491e+00
-6.072020530700683594e+00 1.193750275456367138e+00
-5.653257369995117188e+00 9.335035263011545181e-01
-5.234498977661132812e+00 6.998628067658080321e-01
-4.815735816955566406e+00 4.695149662460885720e-01
-4.396977424621582031e+00 2.861773883968991572e-01
-3.978219032287597656e+00 1.062436938222885985e-01
-3.559460639953613281e+00 -2.707030310508942803e-03
-3.140697479248046875e+00 -1.352421005296837730e-01
-2.721939086914062500e+00 -2.009150930723779815e-01
-2.303180694580078125e+00 -3.041423241418026446e-01
-1.884417533874511719e+00 -3.275651993974802445e-01
-1.465659141540527344e+00 -3.481366669712379625e-01
-1.046900749206542969e+00 -3.705974579616722053e-01
-6.281423568725585938e-01 -3.990064651220446845e-01
-2.093791961669921875e-01 -3.766720898836446452e-01
2.093791961669921875e-01 -3.744547328447009882e-01
6.281423568725585938e-01 -3.722878452351396361e-01
1.046900749206542969e+00 -3.575714864097873646e-01
1.465659141540527344e+00 -3.184136837822607036e-01
1.884417533874511719e+00 -2.654141109803168641e-01
2.303180694580078125e+00 -2.098048100957810302e-01
2.721939086914062500e+00 -1.153330310669013758e-01
3.140697479248046875e+00 5.877437448851451779e-02
3.559460639953613281e+00 1.905118780532780443e-01
3.978219032287597656e+00 4.265684831104443742e-01
4.396977424621582031e+00 6.505035173190111264e-01
4.815735816955566406e+00 9.186612725824104819e-01
5.234498977661132812e+00 1.147153923422438382e+00
5.653257369995117188e+00 1.432162400191662632e+00
6.072020530700683594e+00 1.645591291374846721e+00
6.490778923034667969e+00 1.784359677339508288e+00
6.909537315368652344e+00 1.928488118976056986e+00
7.328295707702636719e+00 2.024918187888341325e+00
7.747058868408203125e+00 2.074049478320942885e+00
8.165817260742187500e+00 2.129500819701399816e+00
8.584580421447753906e+00 2.132034708209880502e+00
9.003338813781738281e+00 2.190716955294175428e+00
9.422097206115722656e+00 2.282224519016319064e+00
9.840855598449707031e+00 2.344476576214719277e+00
1.025961399078369141e+01 2.442355112126365579e+00
1.067837715148925781e+01 2.514852211304829055e+00
1.109713554382324219e+01 2.619205930735698740e+00
1.151589870452880859e+01 2.704402857013842532e+00
1.193465709686279297e+01 2.849119269260155463e+00
1.235341548919677734e+01 2.859467114510104491e+00
1.277217388153076172e+01 3.037574823555582615e+00
1.319093704223632812e+01 3.076993360869114458e+00
1.360969543457031250e+01 3.100824115898585642e+00
1.402845859527587891e+01 3.134543978131642206e+00
1.444721698760986328e+01 3.156077653984738163e+00
1.486597537994384766e+01 3.176574483802138360e+00
1.528473377227783203e+01 3.102024536560314516e+00
1.570349216461181641e+01 2.945969562621801430e+00
1.612225532531738281e+01 2.969297436292703818e+00
1.654101371765136719e+01 2.973857674276228380e+00
1.695977783203125000e+01 2.935633984784090433e+00
1.737853622436523438e+01 2.895936684682605566e+00
1.779729461669921875e+01 2.821334305558378830e+00
1.821605300903320312e+01 2.783733961806403201e+00
1.863481140136718750e+01 2.749733844277757910e+00
1.905357742309570312e+01 2.647703650852236468e+00
1.947233581542968750e+01 2.665132006183741797e+00
1.989109420776367188e+01 2.557726420725372485e+00
2.030985260009765625e+01 2.470519516234684687e+00
2.072861099243164062e+01 2.347249175989634562e+00
2.114736938476562500e+01 2.257916244479880596e+00
2.156612777709960938e+01 2.149730757534790815e+00
2.198489761352539062e+01 1.966957256399352039e+00
2.240365600585937500e+01 1.753162493304829317e+00
2.282241439819335938e+01 1.671226884099984655e+00
2.324117279052734375e+01 1.499223504308529797e+00
2.365993118286132812e+01 1.348019080723185326e+00
2.407868957519531250e+01 1.176681227533509233e+00
2.449745559692382812e+01 9.658056510607372358e-01
2.491621398925781250e+01 7.534484030478952876e-01
2.533497238159179688e+01 5.420985066604303571e-01
2.575373077392578125e+01 3.363653246329707525e-01
2.617248916625976562e+01 1.515314940854501635e-01
2.659124755859375000e+01 -4.048282804211256192e-02
2.701000595092773438e+01 -1.695320805588042545e-01
2.742877578735351562e+01 -3.139707521193146889e-01
2.784753417968750000e+01 -3.825069348456232032e-01
2.826629257202148438e+01 -4.515481797772931682e-01
2.868505096435546875e+01 -5.213025468041346810e-01
2.910380935668945312e+01 -5.039844451648275436e-01
2.952257537841796875e+01 -5.652679629786139248e-01
2.994133377075195312e+01 -5.628059006155509136e-01
3.036009216308593750e+01 -5.786754423182237650e-01
3.077885055541992188e+01 -5.626826518382948006e-01
3.119760894775390625e+01 -5.677290747700600715e-01
3.161636734008789062e+01 -5.834797020575375193e-01
3.203512573242187500e+01 -5.745500636904353753e-01
3.245388412475585938e+01 -5.451345689339803791e-01
3.287265396118164062e+01 -5.796620488316045483e-01
3.329141235351562500e+01 -5.690796216435330956e-01
3.371017074584960938e+01 -5.561516555659243854e-01
3.412892913818359375e+01 -5.774257866340037904e-01
3.454768753051757812e+01 -5.717548259545727207e-01
3.496645355224609375e+01 -5.627235018033838188e-01
3.538521194458007812e+01 -5.493225264862551249e-01
3.580397033691406250e+01 -5.448793643276630405e-01
3.622272872924804688e+01 -5.740688406034436531e-01
3.664148712158203125e+01 -5.704640449633132659e-01
3.706024551391601562e+01 -5.529611140805076319e-01
3.747900390625000000e+01 -5.661113305452127875e-01
3.789776229858398438e+01 -5.479730752606380983e-01
3.831653213500976562e+01 -5.598585704018351761e-01
3.873529052734375000e+01 -5.712445728638306797e-01
3.915404891967773438e+01 -5.343863612558202858e-01
3.957280731201171875e+01 -5.710975633695810627e-01
3.999156570434570312e+01 -5.537011161231132350e-01
4.041033172607421875e+01 -5.541075640386089463e-01
4.082909011840820312e+01 -5.630406722414010856e-01
4.124784851074218750e+01 -5.568498027137076534e-01
4.166660690307617188e+01 -5.501959115391436006e-01
